000000000000000000000000000000000000000000000000000000000000000000000000000000
000000000000000000000000000000000000000000000000000000000000000000000000000000
001101101101101101101101101101101101101101101101101101101101101101101101101101
001101101101101101101101101101101101101101101101101101101101101101101101101101
000000000000000000000000000000000000000000000000000000000000000000000000000000
001101101101101101101101101101101101101101101101101101101101101101101101101101
001101101101101101101101101101101101101101101101101101101101101101101101101101
000000000000000000000000000000000000000000000000000000000000000000000000000000
001101101101101101101101101101101101101101101101101101101101101101101101101101
001101101101101101101101101101101101101101101101101101101101101101101101101101
000000000000000000000000000000000000000000000000000000000000000000000000000000
001101101101101101101101101101101101101101101101101101101101101101101101101101
001101101101101101101101101101101101101101101101101101101101101101101101101101
000000000000000000000000000000000000000100000000000000000000000000000000000000
001101101101101101101101101101101101101101101101101101101101101101101101101101
001101101101101101101101101101101101101101101101101101101101101101101101101101
000000000000000000000000000000000000000000000000000000000000000000000000000000
001101101101101101101101101101101101101101101101101101101101101101101101101101
001101101101101101101101101101101101101101101101101101101101101101101101101101
000000000000000000000000000000000000000000000000000000000000000000000000000000
001101101101101101101101101101101101101101101101101101101101101101101101101101
001101101101101101101101101101101101101101101101101101101101101101101101101101
000000000000000000000000000000000000000000000000000000000000000000000000000000