000000000000000000000000000000000000000000000000000000000000000000000000000000
000000000000000000000000000000000000000000000000000000000000000000000000000000
000000000000000000000000000000000000000000000000000000000000000000000000000000
000000000000000000000000000000000000000000000000000000000000000000000000000000
000000000000000000000000000000000000000000000000000000000000000000000000000000
000000000000000000000000000000000000010000000000000000000000000000000000000000
000000000000000000000000000000000000101000000000000000000000000000000000000000
000000000000000000000000000000000000101000000000000000000000000000000000000000
000000000000000000000000000000000000010000000000000000000000000000000000000000
000000000000000000000000000000000000000010000000000000000000000000000000000000
000000000000000000000000000000001100000001100000000000000000000000000000000000
000000000000000000000000000000010010000010010000000000000000000000000000000000
000000000000000000000000000000001100000001100000000000000000000000000000000000
000000000000000000000000000000000000000000000000000000000000000000000000000000
000000000000000000000000000000000000010000000000000000000000000000000000000000
000000000000000000000000000000000000101000000000000000000000000000000000000000
000000000000000000000000000000000000101000000000000000000000000000000000000000
000000000000000000000000000000000000010000000000000000000000000000000000000000
000000000000000000000000000000000000000000000000000000000000000000000000000000
000000000000000000000000000000000000000000000000000000000000000000000000000000
000000000000000000000000000000000000000000000000000000000000000000000000000000
000000000000000000000000000000000000000000000000000000000000000000000000000000
000000000000000000000000000000000000000000000000000000000000000000000000000000